290.000000 290.000000 290.000000 290.000000 290.000000 290.000000 290.000000 290.000000 290.000000 290.000000 290.000000 290.000000 290.000000 290.000000 290.000000 290.000000 290.000000 290.000000 290.000000 290.000000 290.000000 290.000000 290.000000 290.000000 290.000000 290.000000 290.000000 290.000000 290.000000 290.000000 290.000000 290.000000 290.000000 290.000000 290.000000 290.000000 290.000000 290.000000 290.000000 290.000000 290.000000 290.000000 290.000000 290.000000 290.000000 290.000000 290.000000 290.000000 290.000000 
290.000000 290.000000 290.000000 290.000000 290.000000 290.000000 290.000000 290.000000 290.000000 290.000000 290.000000 290.000000 290.000000 290.000000 290.000000 290.000000 290.000000 290.000000 290.000000 290.000000 290.000000 290.000000 290.000000 290.000000 300.000000 290.000000 290.000000 290.000000 290.000000 290.000000 290.000000 290.000000 290.000000 290.000000 290.000000 290.000000 290.000000 290.000000 290.000000 290.000000 290.000000 290.000000 290.000000 290.000000 290.000000 290.000000 290.000000 290.000000 290.000000 
290.000000 290.000000 290.000000 290.000000 290.000000 290.000000 290.000000 290.000000 290.000000 290.000000 290.000000 290.000000 290.000000 290.000000 290.000000 290.000000 290.000000 290.000000 290.000000 290.000000 290.000000 290.000000 290.000000 294.508850 300.982300 294.508850 290.000000 290.000000 290.000000 290.000000 290.000000 290.000000 290.000000 290.000000 290.000000 290.000000 290.000000 290.000000 290.000000 290.000000 290.000000 290.000000 290.000000 290.000000 290.000000 290.000000 290.000000 290.000000 290.000000 
290.000000 290.000000 290.000000 290.000000 290.000000 290.000000 290.000000 290.000000 290.000000 290.000000 290.000000 290.000000 290.000000 290.000000 290.000000 290.000000 290.000000 290.000000 290.000000 290.000000 290.000000 290.000000 292.032990 295.394653 305.144714 295.394653 292.032990 290.000000 290.000000 290.000000 290.000000 290.000000 290.000000 290.000000 290.000000 290.000000 290.000000 290.000000 290.000000 290.000000 290.000000 290.000000 290.000000 290.000000 290.000000 290.000000 290.000000 290.000000 290.000000 
290.000000 290.000000 290.000000 290.000000 290.000000 290.000000 290.000000 290.000000 290.000000 290.000000 290.000000 290.000000 290.000000 290.000000 290.000000 290.000000 290.000000 290.000000 290.000000 290.000000 290.000000 290.916656 292.632080 298.275085 306.352386 298.275085 292.632080 290.916656 290.000000 290.000000 290.000000 290.000000 290.000000 290.000000 290.000000 290.000000 290.000000 290.000000 290.000000 290.000000 290.000000 290.000000 290.000000 290.000000 290.000000 290.000000 290.000000 290.000000 290.000000 
290.000000 290.000000 290.000000 290.000000 290.000000 290.000000 290.000000 290.000000 290.000000 290.000000 290.000000 290.000000 290.000000 290.000000 290.000000 290.000000 290.000000 290.000000 290.000000 290.000000 290.413300 291.276794 294.402985 299.372681 309.068512 299.372681 294.402985 291.276794 290.413300 290.000000 290.000000 290.000000 290.000000 290.000000 290.000000 290.000000 290.000000 290.000000 290.000000 290.000000 290.000000 290.000000 290.000000 290.000000 290.000000 290.000000 290.000000 290.000000 290.000000 
290.000000 290.000000 290.000000 290.000000 290.000000 290.000000 290.000000 290.000000 290.000000 290.000000 290.000000 290.000000 290.000000 290.000000 290.000000 290.000000 290.000000 290.000000 290.000000 290.186340 290.616272 292.296997 295.234192 301.503632 310.325104 301.503632 295.234192 292.296997 290.616272 290.186340 290.000000 290.000000 290.000000 290.000000 290.000000 290.000000 290.000000 290.000000 290.000000 290.000000 290.000000 290.000000 290.000000 290.000000 290.000000 290.000000 290.000000 290.000000 290.000000 
290.000000 290.000000 290.000000 290.000000 290.000000 290.000000 290.000000 290.000000 290.000000 290.000000 290.000000 290.000000 290.000000 290.000000 290.000000 290.000000 290.000000 290.000000 290.084015 290.296173 291.180237 292.863525 296.736664 302.654297 312.370148 302.654297 296.736664 292.863525 291.180237 290.296173 290.084015 290.000000 290.000000 290.000000 290.000000 290.000000 290.000000 290.000000 290.000000 290.000000 290.000000 290.000000 290.000000 290.000000 290.000000 290.000000 290.000000 290.000000 290.000000 
290.000000 290.000000 290.000000 290.000000 290.000000 290.000000 290.000000 290.000000 290.000000 290.000000 290.000000 290.000000 290.000000 290.000000 290.000000 290.000000 290.000000 290.037872 290.141785 290.599121 291.540588 293.850891 297.658508 304.366852 313.608673 304.366852 297.658508 293.850891 291.540588 290.599121 290.141785 290.037872 290.000000 290.000000 290.000000 290.000000 290.000000 290.000000 290.000000 290.000000 290.000000 290.000000 290.000000 290.000000 290.000000 290.000000 290.000000 290.000000 290.000000 
290.000000 290.000000 290.000000 290.000000 290.000000 290.000000 290.000000 290.000000 290.000000 290.000000 290.000000 290.000000 290.000000 290.000000 290.000000 290.000000 290.017090 290.067657 290.301147 290.817413 292.157776 294.526001 298.966400 305.509155 315.274658 305.509155 298.966400 294.526001 292.157776 290.817413 290.301147 290.067657 290.017090 290.000000 290.000000 290.000000 290.000000 290.000000 290.000000 290.000000 290.000000 290.000000 290.000000 290.000000 290.000000 290.000000 290.000000 290.000000 290.000000 
290.000000 290.000000 290.000000 290.000000 290.000000 290.000000 290.000000 290.000000 290.000000 290.000000 290.000000 290.000000 290.000000 290.000000 290.000000 290.007690 290.032196 290.150146 290.428650 291.188995 292.621216 295.460327 299.914337 306.962250 316.468414 306.962250 299.914337 295.460327 292.621216 291.188995 290.428650 290.150146 290.032196 290.007690 290.000000 290.000000 290.000000 290.000000 290.000000 290.000000 290.000000 290.000000 290.000000 290.000000 290.000000 290.000000 290.000000 290.000000 290.000000 
290.000000 290.000000 290.000000 290.000000 290.000000 290.000000 290.000000 290.000000 290.000000 290.000000 290.000000 290.000000 290.000000 290.000000 290.003479 290.015259 290.074341 290.222534 290.645905 291.491943 293.255554 296.188477 301.083893 308.070648 317.896027 308.070648 301.083893 296.188477 293.255554 291.491943 290.645905 290.222534 290.074341 290.015259 290.003479 290.000000 290.000000 290.000000 290.000000 290.000000 290.000000 290.000000 290.000000 290.000000 290.000000 290.000000 290.000000 290.000000 290.000000 
290.000000 290.000000 290.000000 290.000000 290.000000 290.000000 290.000000 290.000000 290.000000 290.000000 290.000000 290.000000 290.000000 290.001556 290.007233 290.036591 290.114532 290.346619 290.836487 291.905670 293.782776 297.073334 302.026855 309.350555 319.035797 309.350555 302.026855 297.073334 293.782776 291.905670 290.836487 290.346619 290.114532 290.036591 290.007233 290.001556 290.000000 290.000000 290.000000 290.000000 290.000000 290.000000 290.000000 290.000000 290.000000 290.000000 290.000000 290.000000 290.000000 
290.000000 290.000000 290.000000 290.000000 290.000000 290.000000 290.000000 290.000000 290.000000 290.000000 290.000000 290.000000 290.000702 290.003418 290.017914 290.058502 290.184021 290.462860 291.097687 292.269958 294.420074 297.823151 303.095520 310.415344 320.301910 310.415344 303.095520 297.823151 294.420074 292.269958 291.097687 290.462860 290.184021 290.058502 290.017914 290.003418 290.000702 290.000000 290.000000 290.000000 290.000000 290.000000 290.000000 290.000000 290.000000 290.000000 290.000000 290.000000 290.000000 
290.000000 290.000000 290.000000 290.000000 290.000000 290.000000 290.000000 290.000000 290.000000 290.000000 290.000000 290.000305 290.001617 290.008728 290.029694 290.096802 290.253143 290.623383 291.340027 292.710846 294.985016 298.665985 304.018677 311.572662 321.386475 311.572662 304.018677 298.665985 294.985016 292.710846 291.340027 290.623383 290.253143 290.096802 290.029694 290.008728 290.001617 290.000305 290.000000 290.000000 290.000000 290.000000 290.000000 290.000000 290.000000 290.000000 290.000000 290.000000 290.000000 
290.000000 290.000000 290.000000 290.000000 290.000000 290.000000 290.000000 290.000000 290.000000 290.000000 290.000153 290.000763 290.004242 290.014984 290.050507 290.137024 290.349579 290.779572 291.634979 293.118164 295.619324 299.419739 305.011200 312.591583 322.536652 312.591583 305.011200 299.419739 295.619324 293.118164 291.634979 290.779572 290.349579 290.137024 290.050507 290.014984 290.004242 290.000763 290.000153 290.000000 290.000000 290.000000 290.000000 290.000000 290.000000 290.000000 290.000000 290.000000 290.000000 
290.000000 290.000000 290.000000 290.000000 290.000000 290.000000 290.000000 290.000000 290.000000 290.000061 290.000366 290.002045 290.007507 290.026154 290.073486 290.193848 290.447632 290.971375 291.918030 293.577148 296.205139 300.227295 305.907990 313.657776 323.568481 313.657776 305.907990 300.227295 296.205139 293.577148 291.918030 290.971375 290.447632 290.193848 290.073486 290.026154 290.007507 290.002045 290.000366 290.000061 290.000000 290.000000 290.000000 290.000000 290.000000 290.000000 290.000000 290.000000 290.000000 
290.000000 290.000000 290.000000 290.000000 290.000000 290.000000 290.000000 290.000000 290.000031 290.000183 290.000977 290.003754 290.013458 290.039093 290.106415 290.253998 290.569366 291.162048 292.239258 294.014008 296.833740 300.975098 306.840912 314.632111 324.631287 314.632111 306.840912 300.975098 296.833740 294.014008 292.239258 291.162048 290.569366 290.253998 290.106415 290.039093 290.013458 290.003754 290.000977 290.000183 290.000031 290.000000 290.000000 290.000000 290.000000 290.000000 290.000000 290.000000 290.000000 
290.000000 290.000000 290.000000 290.000000 290.000000 290.000000 290.000000 290.000000 290.000092 290.000458 290.001862 290.006866 290.020630 290.057892 290.142609 290.329651 290.694397 291.380524 292.553772 294.485168 297.429657 301.752625 307.709045 315.627655 325.614319 315.627655 307.709045 301.752625 297.429657 294.485168 292.553772 291.380524 290.694397 290.329651 290.142609 290.057892 290.020630 290.006866 290.001862 290.000458 290.000092 290.000000 290.000000 290.000000 290.000000 290.000000 290.000000 290.000000 290.000000 
290.000000 290.000000 290.000000 290.000000 290.000000 290.000000 290.000000 290.000031 290.000214 290.000916 290.003479 290.010803 290.031219 290.079285 290.188751 290.409790 290.839294 291.600159 292.895599 294.941956 298.051208 302.489136 308.593781 316.560120 326.608643 316.560120 308.593781 302.489136 298.051208 294.941956 292.895599 291.600159 290.839294 290.409790 290.188751 290.079285 290.031219 290.010803 290.003479 290.000916 290.000214 290.000031 290.000000 290.000000 290.000000 290.000000 290.000000 290.000000 290.000000 
290.000000 290.000000 290.000000 290.000000 290.000000 290.000000 290.000000 290.000092 290.000458 290.001770 290.005615 290.016693 290.043701 290.106964 290.239044 290.503784 290.988708 291.841187 293.234161 295.421204 298.650299 303.240631 309.433197 317.498932 327.547180 317.498932 309.433197 303.240631 298.650299 295.421204 293.234161 291.841187 290.988708 290.503784 290.239044 290.106964 290.043701 290.016693 290.005615 290.001770 290.000458 290.000092 290.000000 290.000000 290.000000 290.000000 290.000000 290.000000 290.000000 
290.000000 290.000000 290.000000 290.000000 290.000000 290.000000 290.000031 290.000214 290.000885 290.002899 290.008881 290.023865 290.060059 290.138000 290.298859 290.603058 291.154419 292.084900 293.592194 295.891052 299.264069 303.963043 310.277771 318.392822 328.485962 318.392822 310.277771 303.963043 299.264069 295.891052 293.592194 292.084900 291.154419 290.603058 290.298859 290.138000 290.060059 290.023865 290.008881 290.002899 290.000885 290.000214 290.000031 290.000000 290.000000 290.000000 290.000000 290.000000 290.000000 
290.000000 290.000000 290.000000 290.000000 290.000000 290.000000 290.000092 290.000427 290.001495 290.004700 290.012939 290.033417 290.078888 290.175385 290.363495 290.714508 291.325348 292.344971 293.949097 296.375366 299.861938 304.691559 311.089508 319.284729 329.384247 319.284729 311.089508 304.691559 299.861938 296.375366 293.949097 292.344971 291.325348 290.714508 290.363495 290.175385 290.078888 290.033417 290.012939 290.004700 290.001495 290.000427 290.000092 290.000000 290.000000 290.000000 290.000000 290.000000 290.000000 
290.000000 290.000000 290.000000 290.000000 290.000000 290.000031 290.000214 290.000763 290.002472 290.006958 290.018463 290.044678 290.101898 290.216705 290.436951 290.831665 291.509674 292.608521 294.319794 296.853455 300.467499 305.398682 311.899872 320.143341 330.276794 320.143341 311.899872 305.398682 300.467499 296.853455 294.319794 292.608521 291.509674 290.831665 290.436951 290.216705 290.101898 290.044678 290.018463 290.006958 290.002472 290.000763 290.000214 290.000031 290.000000 290.000000 290.000000 290.000000 290.000000 
290.000000 290.000000 290.000000 290.000000 290.000000 290.000092 290.000366 290.001282 290.003723 290.010132 290.025085 290.058655 290.127869 290.264252 290.515625 290.959412 291.699432 292.884644 294.690582 297.340576 301.061371 306.106567 312.685455 320.995514 331.138733 320.995514 312.685455 306.106567 301.061371 297.340576 294.690582 292.884644 291.699432 290.959412 290.515625 290.264252 290.127869 290.058655 290.025085 290.010132 290.003723 290.001282 290.000366 290.000092 290.000000 290.000000 290.000000 290.000000 290.000000 
290.000000 290.000000 290.000000 290.000000 290.000031 290.000183 290.000641 290.001984 290.005524 290.013977 290.033478 290.074738 290.158142 290.316101 290.602386 291.092987 291.900177 293.164520 295.071167 297.823395 301.658539 306.798096 313.466003 321.822052 331.991882 321.822052 313.466003 306.798096 301.658539 297.823395 295.071167 293.164520 291.900177 291.092987 290.602386 290.316101 290.158142 290.074738 290.033478 290.013977 290.005524 290.001984 290.000641 290.000183 290.000031 290.000000 290.000000 290.000000 290.000000 
290.000000 290.000000 290.000000 290.000000 290.000092 290.000336 290.001038 290.002960 290.007751 290.018951 290.043274 290.093750 290.191772 290.373962 290.694519 291.235718 292.106293 293.454132 295.452423 298.311676 302.246674 307.487213 314.227173 322.639862 332.821014 322.639862 314.227173 307.487213 302.246674 298.311676 295.452423 293.454132 292.106293 291.235718 290.694519 290.373962 290.191772 290.093750 290.043274 290.018951 290.007751 290.002960 290.001038 290.000336 290.000092 290.000000 290.000000 290.000000 290.000000 
290.000000 290.000000 290.000000 290.000031 290.000153 290.000549 290.001587 290.004242 290.010651 290.024872 290.055054 290.115173 290.229736 290.436340 290.794006 291.384216 292.321472 293.747406 295.840607 298.796722 302.835327 308.163269 314.981384 323.437225 333.639954 323.437225 314.981384 308.163269 302.835327 298.796722 295.840607 293.747406 292.321472 291.384216 290.794006 290.436340 290.229736 290.115173 290.055054 290.024872 290.010651 290.004242 290.001587 290.000549 290.000153 290.000031 290.000000 290.000000 290.000000 
290.000000 290.000000 290.000000 290.000061 290.000275 290.000824 290.002319 290.005920 290.014160 290.032074 290.068542 290.139709 290.271240 290.504456 290.898865 291.540680 292.541809 294.048279 296.229675 299.284790 303.416656 308.835175 315.719818 324.224884 334.439423 324.224884 315.719818 308.835175 303.416656 299.284790 296.229675 294.048279 292.541809 291.540680 290.898865 290.504456 290.271240 290.139709 290.068542 290.032074 290.014160 290.005920 290.002319 290.000824 290.000275 290.000061 290.000000 290.000000 290.000000 
290.000000 290.000000 290.000031 290.000122 290.000427 290.001251 290.003265 290.008026 290.018524 290.040436 290.084198 290.166931 290.317078 290.577148 291.010406 291.702698 292.769653 294.352600 296.623627 299.770294 303.996796 309.496216 316.450439 324.995667 335.228241 324.995667 316.450439 309.496216 303.996796 299.770294 296.623627 294.352600 292.769653 291.702698 291.010406 290.577148 290.317078 290.166931 290.084198 290.040436 290.018524 290.008026 290.003265 290.001251 290.000427 290.000122 290.000031 290.000000 290.000000 
290.000000 290.000000 290.000061 290.000214 290.000671 290.001801 290.004517 290.010620 290.023682 290.050293 290.101776 290.197327 290.366638 290.655243 291.127197 291.871643 293.002319 294.662842 297.018433 300.257172 304.570740 310.152161 317.167786 325.756470 336.000793 325.756470 317.167786 310.152161 304.570740 300.257172 297.018433 294.662842 293.002319 291.871643 291.127197 290.655243 290.366638 290.197327 290.101776 290.050293 290.023682 290.010620 290.004517 290.001801 290.000671 290.000214 290.000061 290.000000 290.000000 
290.000000 290.000031 290.000092 290.000366 290.000977 290.002502 290.006042 290.013763 290.029785 290.061493 290.121643 290.230591 290.420441 290.737915 291.250061 292.045776 293.241211 294.976227 297.416626 300.741791 305.142395 310.798828 317.877045 326.502960 336.762756 326.502960 317.877045 310.798828 305.142395 300.741791 297.416626 294.976227 293.241211 292.045776 291.250061 290.737915 290.420441 290.230591 290.121643 290.061493 290.029785 290.013763 290.006042 290.002502 290.000977 290.000366 290.000092 290.000031 290.000000 
290.000000 290.000031 290.000183 290.000519 290.001404 290.003418 290.007935 290.017517 290.036865 290.074310 290.143646 290.267059 290.477997 290.825684 291.377930 292.226013 293.484497 295.294281 297.815552 301.226685 305.708618 311.439880 318.574890 327.239655 337.510773 327.239655 318.574890 311.439880 305.708618 301.226685 297.815552 295.294281 293.484497 292.226013 291.377930 290.825684 290.477997 290.267059 290.143646 290.074310 290.036865 290.017517 290.007935 290.003418 290.001404 290.000519 290.000183 290.000031 290.000000 
290.000000 290.000092 290.000275 290.000763 290.001923 290.004547 290.010223 290.021912 290.045013 290.088684 290.168030 290.306519 290.539642 290.917908 291.511322 292.411072 293.733063 295.615082 298.216766 301.709503 306.271912 312.072815 319.264648 327.963928 338.248566 327.963928 319.264648 312.072815 306.271912 301.709503 298.216766 295.615082 293.733063 292.411072 291.511322 290.917908 290.539642 290.306519 290.168030 290.088684 290.045013 290.021912 290.010223 290.004547 290.001923 290.000763 290.000275 290.000092 290.000000 
290.000000 290.000122 290.000427 290.001068 290.002594 290.005920 290.012939 290.027069 290.054291 290.104767 290.194702 290.349182 290.605072 291.014923 291.649445 292.601440 293.985565 295.939575 298.618530 302.191803 306.830322 312.699951 319.944336 328.678741 338.974182 328.678741 319.944336 312.699951 306.830322 302.191803 298.618530 295.939575 293.985565 292.601440 291.649445 291.014923 290.605072 290.349182 290.194702 290.104767 290.054291 290.027069 290.012939 290.005920 290.002594 290.001068 290.000427 290.000122 290.000000 
290.000000 290.000214 290.000580 290.001465 290.003418 290.007599 290.016144 290.032959 290.064789 290.122559 290.223816 290.394897 290.674500 291.116211 291.792603 292.796295 294.242523 296.266449 299.021759 302.672119 307.385406 313.319794 320.616150 329.382599 339.690063 329.382599 320.616150 313.319794 307.385406 302.672119 299.021759 296.266449 294.242523 292.796295 291.792603 291.116211 290.674500 290.394897 290.223816 290.122559 290.064789 290.032959 290.016144 290.007599 290.003418 290.001465 290.000580 290.000214 290.000000 
290.000000 290.000275 290.000824 290.001953 290.004425 290.009552 290.019867 290.039734 290.076477 290.142181 290.255310 290.443817 290.747589 291.222015 291.940186 292.995819 294.502991 296.596222 299.425323 303.151367 307.935974 313.933899 321.278992 330.077423 340.395081 330.077423 321.278992 313.933899 307.935974 303.151367 299.425323 296.596222 294.502991 292.995819 291.940186 291.222015 290.747589 290.443817 290.255310 290.142181 290.076477 290.039734 290.019867 290.009552 290.004425 290.001953 290.000824 290.000275 290.000000 
290.000000 290.000397 290.001099 290.002563 290.005615 290.011902 290.024170 290.047333 290.089539 290.163574 290.289307 290.495789 290.824524 291.331909 292.092346 293.199402 294.767242 296.928009 299.829742 303.628662 308.483032 314.541321 321.934296 330.762421 341.090912 330.762421 321.934296 314.541321 308.483032 303.628662 299.829742 296.928009 294.767242 293.199402 292.092346 291.331909 290.824524 290.495789 290.289307 290.163574 290.089539 290.047333 290.024170 290.011902 290.005615 290.002563 290.001099 290.000397 290.000000 
290.000000 290.000549 290.001434 290.003265 290.007080 290.014587 290.029083 290.055908 290.103882 290.186890 290.325714 290.550903 290.905060 291.446014 292.248627 293.407166 295.034576 297.262115 300.234283 304.104553 309.025848 315.143097 322.581390 331.438904 341.776978 331.438904 322.581390 315.143097 309.025848 304.104553 300.234283 297.262115 295.034576 293.407166 292.248627 291.446014 290.905060 290.550903 290.325714 290.186890 290.103882 290.055908 290.029083 290.014587 290.007080 290.003265 290.001434 290.000549 290.000000 
290.000000 290.000702 290.001862 290.004150 290.008759 290.017731 290.034637 290.065430 290.119690 290.212067 290.364655 290.609039 290.989288 291.563995 292.409119 293.618561 295.305176 297.597870 300.639221 304.578461 309.565094 315.738739 323.221283 332.106476 342.454407 332.106476 323.221283 315.738739 309.565094 304.578461 300.639221 297.597870 295.305176 293.618561 292.409119 291.563995 290.989288 290.609039 290.364655 290.212067 290.119690 290.065430 290.034637 290.017731 290.008759 290.004150 290.001862 290.000702 290.000000 
290.000000 290.000916 290.002380 290.005188 290.010712 290.021301 290.040894 290.076019 290.136871 290.239227 290.406036 290.670288 291.076965 291.685913 292.573395 293.833710 295.578461 297.935425 301.044067 305.050720 310.100311 316.328888 323.853729 332.765991 343.122955 332.765991 323.853729 316.328888 310.100311 305.050720 301.044067 297.935425 295.578461 293.833710 292.573395 291.685913 291.076965 290.670288 290.406036 290.239227 290.136871 290.076019 290.040894 290.021301 290.010712 290.005188 290.002380 290.000916 290.000000 
290.000000 290.001160 290.002991 290.006409 290.013000 290.025360 290.047913 290.087616 290.155579 290.268280 290.449982 290.734497 291.168152 291.811493 292.741486 294.052124 295.854492 298.274353 301.448975 305.520966 310.631897 316.913361 324.479309 333.417389 343.783356 333.417389 324.479309 316.913361 310.631897 305.520966 301.448975 298.274353 295.854492 294.052124 292.741486 291.811493 291.168152 290.734497 290.449982 290.268280 290.155579 290.087616 290.047913 290.025360 290.013000 290.006409 290.002991 290.001160 290.000000 
290.000000 290.001465 290.003693 290.007843 290.015594 290.029968 290.055634 290.100372 290.175751 290.299377 290.496338 290.801727 291.262695 291.940735 292.913116 294.273834 296.132904 298.614655 301.853577 305.989410 311.159668 317.492523 325.097992 334.061188 344.435638 334.061188 325.097992 317.492523 311.159668 305.989410 301.853577 298.614655 296.132904 294.273834 292.913116 291.940735 291.262695 290.801727 290.496338 290.299377 290.175751 290.100372 290.055634 290.029968 290.015594 290.007843 290.003693 290.001465 290.000000 
290.000000 290.001801 290.004547 290.009460 290.018585 290.035065 290.064240 290.114197 290.197510 290.332428 290.545227 290.871887 291.360565 292.073456 293.088226 294.498535 296.413666 298.956055 302.257996 306.455811 311.683868 318.066315 325.710175 334.697510 345.080261 334.697510 325.710175 318.066315 311.683868 306.455811 302.257996 298.956055 296.413666 294.498535 293.088226 292.073456 291.360565 290.871887 290.545227 290.332428 290.197510 290.114197 290.064240 290.035065 290.018585 290.009460 290.004547 290.001801 290.000000 
290.000000 290.002228 290.005524 290.011353 290.021912 290.040802 290.073608 290.129242 290.220764 290.367554 290.596558 290.944946 291.461670 292.209564 293.266571 294.726166 296.696503 299.298523 302.661926 306.920319 312.204376 318.635071 326.315918 335.326691 345.717407 335.326691 326.315918 318.635071 312.204376 306.920319 302.661926 299.298523 296.696503 294.726166 293.266571 292.209564 291.461670 290.944946 290.596558 290.367554 290.220764 290.129242 290.073608 290.040802 290.021912 290.011353 290.005524 290.002228 290.000000 
290.000000 290.002716 290.006653 290.013489 290.025665 290.047089 290.083893 290.145416 290.245697 290.404633 290.650391 291.020844 291.565887 292.348938 293.448090 294.956451 296.981323 299.641815 303.065460 307.382782 312.721375 319.198761 326.915558 335.948883 346.347351 335.948883 326.915558 319.198761 312.721375 307.382782 303.065460 299.641815 296.981323 294.956451 293.448090 292.348938 291.565887 291.020844 290.650391 290.404633 290.245697 290.145416 290.083893 290.047089 290.025665 290.013489 290.006653 290.002716 290.000000 
290.000000 290.003265 290.007965 290.015900 290.029846 290.054016 290.095032 290.162903 290.272156 290.443787 290.706604 291.099579 291.673187 292.491455 293.632599 295.189331 297.267914 299.985901 303.468414 307.843262 313.234833 319.757599 327.509155 336.564392 346.970306 336.564392 327.509155 319.757599 313.234833 307.843262 303.468414 299.985901 297.267914 295.189331 293.632599 292.491455 291.673187 291.099579 290.706604 290.443787 290.272156 290.162903 290.095032 290.054016 290.029846 290.015900 290.007965 290.003265 290.000000 
290.000000 290.003906 290.009430 290.018616 290.034454 290.061615 290.107147 290.181549 290.300293 290.484894 290.765289 291.181030 291.783508 292.637024 293.819977 295.424622 297.556213 300.330627 303.870758 308.301697 313.744873 320.311646 328.096954 337.173401 347.586548 337.173401 328.096954 320.311646 313.744873 308.301697 303.870758 300.330627 297.556213 295.424622 293.819977 292.637024 291.783508 291.181030 290.765289 290.484894 290.300293 290.181549 290.107147 290.061615 290.034454 290.018616 290.009430 290.003906 290.000000 
290.000000 290.004639 290.011078 290.021606 290.039551 290.069885 290.120178 290.201538 290.329987 290.528076 290.826324 291.265228 291.896698 292.785553 294.010101 295.662201 297.846039 300.675873 304.272400 308.758087 314.251495 320.861053 328.679108 337.776093 348.196259 337.776093 328.679108 320.861053 314.251495 308.758087 304.272400 300.675873 297.846039 295.662201 294.010101 292.785553 291.896698 291.265228 290.826324 290.528076 290.329987 290.201538 290.120178 290.069885 290.039551 290.021606 290.011078 290.004639 290.000000 
290.000000 290.005463 290.012909 290.024963 290.045135 290.078888 290.134186 290.222778 290.361389 290.573242 290.889740 291.352051 292.012756 292.936920 294.202881 295.901947 298.137299 301.021576 304.673309 309.212463 314.754761 321.405945 329.255768 338.372681 348.799652 338.372681 329.255768 321.405945 314.754761 309.212463 304.673309 301.021576 298.137299 295.901947 294.202881 292.936920 292.012756 291.352051 290.889740 290.573242 290.361389 290.222778 290.134186 290.078888 290.045135 290.024963 290.012909 290.005463 290.000000 
290.000000 290.006348 290.014984 290.028625 290.051270 290.088593 290.149200 290.245331 290.394409 290.620422 290.955475 291.441498 292.131531 293.091034 294.398163 296.143738 298.429901 301.367615 305.073425 309.664764 315.254730 321.946381 329.827087 338.963379 349.396912 338.963379 329.827087 321.946381 315.254730 309.664764 305.073425 301.367615 298.429901 296.143738 294.398163 293.091034 292.131531 291.441498 290.955475 290.620422 290.394409 290.245331 290.149200 290.088593 290.051270 290.028625 290.014984 290.006348 290.000000 
290.000000 290.007385 290.017242 290.032684 290.057892 290.099091 290.165222 290.269196 290.429108 290.669586 291.023560 291.533478 292.253021 293.247772 294.595856 296.387482 298.723663 301.713928 305.472687 310.115021 315.751465 322.482513 330.393219 339.548279 349.988251 339.548279 330.393219 322.482513 315.751465 310.115021 305.472687 301.713928 298.723663 296.387482 294.595856 293.247772 292.253021 291.533478 291.023560 290.669586 290.429108 290.269196 290.165222 290.099091 290.057892 290.032684 290.017242 290.007385 290.000000 
290.000000 290.008514 290.019775 290.037079 290.065094 290.110321 290.182281 290.294403 290.465424 290.720764 291.093872 291.627991 292.377106 293.407074 294.795837 296.633026 299.018585 302.060425 305.871063 310.563263 316.244995 323.014404 330.954285 340.127625 350.573792 340.127625 330.954285 323.014404 316.244995 310.563263 305.871063 302.060425 299.018585 296.633026 294.795837 293.407074 292.377106 291.627991 291.093872 290.720764 290.465424 290.294403 290.182281 290.110321 290.065094 290.037079 290.019775 290.008514 290.000000 
290.000000 290.009766 290.022491 290.041901 290.072845 290.122375 290.200378 290.320953 290.503448 290.773865 291.166473 291.724915 292.503754 293.568848 294.998016 296.880280 299.314484 302.407074 306.268555 311.009430 316.735413 323.542145 331.510437 340.701538 351.153748 340.701538 331.510437 323.542145 316.735413 311.009430 306.268555 302.407074 299.314484 296.880280 294.998016 293.568848 292.503754 291.724915 291.166473 290.773865 290.503448 290.320953 290.200378 290.122375 290.072845 290.041901 290.022491 290.009766 290.000000 
290.000000 290.011108 290.025513 290.047089 290.081238 290.135223 290.219574 290.348877 290.543091 290.828949 291.241241 291.824280 292.632812 293.733002 295.202301 297.129150 299.611328 302.753754 306.665070 311.453613 317.222717 324.065887 332.061798 341.270142 351.728241 341.270142 332.061798 324.065887 317.222717 311.453613 306.665070 302.753754 299.611328 297.129150 295.202301 293.733002 292.632812 291.824280 291.241241 290.828949 290.543091 290.348877 290.219574 290.135223 290.081238 290.047089 290.025513 290.011108 290.000000 
290.000000 290.012604 290.028748 290.052765 290.090179 290.148926 290.239838 290.378143 290.584412 290.885956 291.318237 291.925964 292.764313 293.899414 295.408600 297.379547 299.909027 303.100433 307.060608 311.895721 317.707001 324.585632 332.608459 341.833649 352.297424 341.833649 332.608459 324.585632 317.707001 311.895721 307.060608 303.100433 299.909027 297.379547 295.408600 293.899414 292.764313 291.925964 291.318237 290.885956 290.584412 290.378143 290.239838 290.148926 290.090179 290.052765 290.028748 290.012604 290.000000 
290.000000 290.014191 290.032288 290.058807 290.099792 290.163422 290.261200 290.408783 290.627380 290.944916 291.397339 292.029938 292.898102 294.068085 295.616791 297.631378 300.207489 303.447052 307.455109 312.335846 318.188263 325.101532 333.150574 342.392120 352.861481 342.392120 333.150574 325.101532 318.188263 312.335846 307.455109 303.447052 300.207489 297.631378 295.616791 294.068085 292.898102 292.029938 291.397339 290.944916 290.627380 290.408783 290.261200 290.163422 290.099792 290.058807 290.032288 290.014191 290.000000 
290.000000 290.015961 290.036072 290.065338 290.110016 290.178833 290.283661 290.440796 290.671997 291.005737 291.478577 292.136139 293.034180 294.238831 295.826843 297.884552 300.506622 303.793549 307.848602 312.773956 318.666595 325.613647 333.688263 342.945709 353.420502 342.945709 333.688263 325.613647 318.666595 312.773956 307.848602 303.793549 300.506622 297.884552 295.826843 294.238831 293.034180 292.136139 291.478577 291.005737 290.671997 290.440796 290.283661 290.178833 290.110016 290.065338 290.036072 290.015961 290.000000 
290.000000 290.017822 290.040192 290.072296 290.120911 290.195068 290.307251 290.474182 290.718231 291.068451 291.561859 292.244568 293.172424 294.411682 296.038635 298.139008 300.806396 304.139893 308.240997 313.210083 319.142029 326.122040 334.221588 343.494598 353.974640 343.494598 334.221588 326.122040 319.142029 313.210083 308.240997 304.139893 300.806396 298.139008 296.038635 294.411682 293.172424 292.244568 291.561859 291.068451 290.718231 290.474182 290.307251 290.195068 290.120911 290.072296 290.040192 290.017822 290.000000 
290.000000 290.019867 290.044586 290.079742 290.132416 290.212219 290.331940 290.508942 290.766113 291.133026 291.647217 292.355103 293.312836 294.586487 296.252106 298.394653 301.106720 304.485992 308.632355 313.644226 319.614594 326.626831 334.750671 344.038818 354.524048 344.038818 334.750671 326.626831 319.614594 313.644226 308.632355 304.485992 301.106720 298.394653 296.252106 294.586487 293.312836 292.355103 291.647217 291.133026 290.766113 290.508942 290.331940 290.212219 290.132416 290.079742 290.044586 290.019867 290.000000 
290.000000 290.022064 290.049286 290.087646 290.144653 290.230225 290.357758 290.545074 290.815582 291.199432 291.734558 292.467743 293.455292 294.763214 296.467133 298.651428 301.407562 304.831848 309.022614 314.076385 320.084351 327.128052 335.275635 344.578552 355.068756 344.578552 335.275635 327.128052 320.084351 314.076385 309.022614 304.831848 301.407562 298.651428 296.467133 294.763214 293.455292 292.467743 291.734558 291.199432 290.815582 290.545074 290.357758 290.230225 290.144653 290.087646 290.049286 290.022064 290.000000 
290.000000 290.024384 290.054321 290.096039 290.157532 290.249146 290.384705 290.582581 290.866699 291.267639 291.823853 292.582428 293.599731 294.941772 296.683716 298.909271 301.708832 305.177429 309.411743 314.506622 320.551361 327.625763 335.796570 345.113892 355.608978 345.113892 335.796570 327.625763 320.551361 314.506622 309.411743 305.177429 301.708832 298.909271 296.683716 294.941772 293.599731 292.582428 291.823853 291.267639 290.866699 290.582581 290.384705 290.249146 290.157532 290.096039 290.054321 290.024384 290.000000 
290.000000 290.026886 290.059631 290.104950 290.171112 290.268951 290.412811 290.621460 290.919373 291.337646 291.915100 292.699097 293.746155 295.122070 296.901764 299.168091 302.010498 305.522675 309.799774 314.934906 321.015625 328.120117 336.313507 345.644928 356.144806 345.644928 336.313507 328.120117 321.015625 314.934906 309.799774 305.522675 302.010498 299.168091 296.901764 295.122070 293.746155 292.699097 291.915100 291.337646 290.919373 290.621460 290.412811 290.268951 290.171112 290.104950 290.059631 290.026886 290.000000 
290.000000 290.029541 290.065308 290.114349 290.185394 290.289703 290.442017 290.661713 290.973633 291.409424 292.008240 292.817719 293.894440 295.304138 297.121185 299.427826 302.312500 305.867554 310.186646 315.361267 321.477234 328.611084 336.826630 346.171783 356.676331 346.171783 336.826630 328.611084 321.477234 315.361267 310.186646 305.867554 302.312500 299.427826 297.121185 295.304138 293.894440 292.817719 292.008240 291.409424 290.973633 290.661713 290.442017 290.289703 290.185394 290.114349 290.065308 290.029541 290.000000 
290.000000 290.032349 290.071289 290.124268 290.200378 290.311340 290.472412 290.703308 291.029480 291.482941 292.103210 292.938202 294.044586 295.487793 297.341949 299.688446 302.614777 306.212036 310.572388 315.785706 321.936188 329.098816 337.335968 346.694550 357.203644 346.694550 337.335968 329.098816 321.936188 315.785706 310.572388 306.212036 302.614777 299.688446 297.341949 295.487793 294.044586 292.938202 292.103210 291.482941 291.029480 290.703308 290.472412 290.311340 290.200378 290.124268 290.071289 290.032349 290.000000 
290.000000 290.035309 290.077606 290.134705 290.216095 290.333923 290.503906 290.746277 291.086884 291.558167 292.200012 293.060577 294.196442 295.673096 297.563934 299.949890 302.917297 306.556091 310.956970 316.208252 322.392548 329.583313 337.841614 347.213287 357.726837 347.213287 337.841614 329.583313 322.392548 316.208252 310.956970 306.556091 302.917297 299.949890 297.563934 295.673096 294.196442 293.060577 292.200012 291.558167 291.086884 290.746277 290.503906 290.333923 290.216095 290.134705 290.077606 290.035309 290.000000 
290.000000 290.038452 290.084290 290.145660 290.232513 290.357452 290.536560 290.790558 291.145813 291.635071 292.298615 293.184692 294.350098 295.859833 297.787170 300.212067 303.220001 306.899719 311.340393 316.628937 322.846344 330.064636 338.343628 347.728149 358.246033 347.728149 338.343628 330.064636 322.846344 316.628937 311.340393 306.899719 303.220001 300.212067 297.787170 295.859833 294.350098 293.184692 292.298615 291.635071 291.145813 290.790558 290.536560 290.357452 290.232513 290.145660 290.084290 290.038452 290.000000 
290.000000 290.041779 290.091309 290.157135 290.249695 290.381866 290.570312 290.836212 291.206238 291.713654 292.398956 293.310638 294.505341 296.048126 298.011505 300.474945 303.522888 307.242828 311.722687 317.047760 323.297638 330.542877 338.842102 348.239166 358.761322 348.239166 338.842102 330.542877 323.297638 317.047760 311.722687 307.242828 303.522888 300.474945 298.011505 296.048126 294.505341 293.310638 292.398956 291.713654 291.206238 290.836212 290.570312 290.381866 290.249695 290.157135 290.091309 290.041779 290.000000 
290.000000 290.045288 290.098663 290.169189 290.267548 290.407227 290.605225 290.883148 291.268188 291.793854 292.501038 293.438263 294.662292 296.237762 298.236969 300.738495 303.825897 307.585480 312.103790 317.464752 323.746429 331.018097 339.337097 348.746460 359.272736 348.746460 339.337097 331.018097 323.746429 317.464752 312.103790 307.585480 303.825897 300.738495 298.236969 296.237762 294.662292 293.438263 292.501038 291.793854 291.268188 290.883148 290.605225 290.407227 290.267548 290.169189 290.098663 290.045288 290.000000 
290.000000 290.048920 290.106384 290.181732 290.286163 290.433533 290.641266 290.931458 291.331604 291.875702 292.604767 293.567566 294.820740 296.428833 298.463470 301.002655 304.128967 307.927582 312.483734 317.879883 324.192810 331.490326 339.828735 349.250061 359.780457 349.250061 339.828735 331.490326 324.192810 317.879883 312.483734 307.927582 304.128967 301.002655 298.463470 296.428833 294.820740 293.567566 292.604767 291.875702 291.331604 290.931458 290.641266 290.433533 290.286163 290.181732 290.106384 290.048920 290.000000 
290.000000 290.052765 290.114441 290.194855 290.305511 290.460754 290.678436 290.981049 291.396515 291.959106 292.710144 293.698486 294.980774 296.621155 298.690948 301.267395 304.432098 308.269135 312.862488 318.293243 324.636749 331.959656 340.317017 349.750122 360.284454 349.750122 340.317017 331.959656 324.636749 318.293243 312.862488 308.269135 304.432098 301.267395 298.690948 296.621155 294.980774 293.698486 292.710144 291.959106 291.396515 290.981049 290.678436 290.460754 290.305511 290.194855 290.114441 290.052765 290.000000 
290.000000 290.056793 290.122894 290.208496 290.325623 290.488922 290.716736 291.031921 291.462860 292.044067 292.817139 293.831024 295.142242 296.814758 298.919403 301.532623 304.735229 308.610138 313.240051 318.704803 325.078339 332.426086 340.802063 350.246643 360.784912 350.246643 340.802063 332.426086 325.078339 318.704803 313.240051 308.610138 304.735229 301.532623 298.919403 296.814758 295.142242 293.831024 292.817139 292.044067 291.462860 291.031921 290.716736 290.488922 290.325623 290.208496 290.122894 290.056793 290.000000 
290.000000 290.061005 290.131683 290.222717 290.346436 290.518005 290.756134 291.084106 291.530609 292.130585 292.925720 293.965088 295.305145 297.009613 299.148712 301.798370 305.038361 308.950562 313.616455 319.114563 325.517609 332.889709 341.283875 350.739777 361.281799 350.739777 341.283875 332.889709 325.517609 319.114563 313.616455 308.950562 305.038361 301.798370 299.148712 297.009613 295.305145 293.965088 292.925720 292.130585 291.530609 291.084106 290.756134 290.518005 290.346436 290.222717 290.131683 290.061005 290.000000 
290.000000 290.065369 290.140869 290.237457 290.368011 290.548004 290.796631 291.137543 291.599823 292.218567 293.035828 294.100677 295.469452 297.205597 299.378906 302.064545 305.341461 309.290405 313.991699 319.522583 325.954529 333.350555 341.762604 351.229492 361.775299 351.229492 341.762604 333.350555 325.954529 319.522583 313.991699 309.290405 305.341461 302.064545 299.378906 297.205597 295.469452 294.100677 293.035828 292.218567 291.599823 291.137543 290.796631 290.548004 290.368011 290.237457 290.140869 290.065369 290.000000 
290.000000 290.069946 290.150391 290.252777 290.390289 290.578949 290.838226 291.192261 291.670380 292.308075 293.147461 294.237701 295.635101 297.402710 299.609894 302.331146 305.644470 309.629639 314.365753 319.928864 326.389221 333.808655 342.238220 351.715973 362.265381 351.715973 342.238220 333.808655 326.389221 319.928864 314.365753 309.629639 305.644470 302.331146 299.609894 297.402710 295.635101 294.237701 293.147461 292.308075 291.670380 291.192261 290.838226 290.578949 290.390289 290.252777 290.150391 290.069946 290.000000 
290.000000 290.074677 290.160278 290.268616 290.413361 290.610779 290.880951 291.248199 291.742340 292.399017 293.260559 294.376190 295.802032 297.600922 299.841675 302.598114 305.947388 309.968231 314.738647 320.333405 326.821655 334.264099 342.710846 352.199158 362.752228 352.199158 342.710846 334.264099 326.821655 320.333405 314.738647 309.968231 305.947388 302.598114 299.841675 297.600922 295.802032 294.376190 293.260559 292.399017 291.742340 291.248199 290.880951 290.610779 290.413361 290.268616 290.160278 290.074677 290.000000 
290.000000 290.079590 290.170532 290.285034 290.437103 290.643585 290.924713 291.305420 291.815613 292.491394 293.375122 294.516052 295.970245 297.800140 300.074188 302.865417 306.250183 310.306213 315.110321 320.736267 327.251892 334.716919 343.180481 352.679230 363.235779 352.679230 343.180481 334.716919 327.251892 320.736267 315.110321 310.306213 306.250183 302.865417 300.074188 297.800140 295.970245 294.516052 293.375122 292.491394 291.815613 291.305420 290.924713 290.643585 290.437103 290.285034 290.170532 290.079590 290.000000 
290.000000 290.084717 290.181152 290.301971 290.461639 290.677246 290.969604 291.363800 291.890289 292.585144 293.491089 294.657288 296.139648 298.000397 300.307373 303.133026 306.552856 310.643524 315.480865 321.137421 327.679962 335.167145 343.647217 353.156189 363.716187 353.156189 343.647217 335.167145 327.679962 321.137421 315.480865 310.643524 306.552856 303.133026 300.307373 298.000397 296.139648 294.657288 293.491089 292.585144 291.890289 291.363800 290.969604 290.677246 290.461639 290.301971 290.181152 290.084717 290.000000 
290.000000 290.089996 290.192139 290.319489 290.486847 290.711853 291.015533 291.423462 291.966217 292.680328 293.608429 294.799835 296.310272 298.201599 300.541229 303.400940 306.855316 310.980194 315.850250 321.536896 328.105896 335.614838 344.111145 353.630096 364.193481 353.630096 344.111145 335.614838 328.105896 321.536896 315.850250 310.980194 306.855316 303.400940 300.541229 298.201599 296.310272 294.799835 293.608429 292.680328 291.966217 291.423462 291.015533 290.711853 290.486847 290.319489 290.192139 290.089996 290.000000 
290.000000 290.095459 290.203491 290.337524 290.512848 290.747314 291.062531 291.484253 292.043488 292.776825 293.727142 294.943695 296.482025 298.403748 300.775726 303.669067 307.157623 311.316193 316.218445 321.934723 328.529694 336.060028 344.572235 354.101013 364.667725 354.101013 344.572235 336.060028 328.529694 321.934723 316.218445 311.316193 307.157623 303.669067 300.775726 298.403748 296.482025 294.943695 293.727142 292.776825 292.043488 291.484253 291.062531 290.747314 290.512848 290.337524 290.203491 290.095459 290.000000 
290.000000 290.101135 290.215210 290.356140 290.539520 290.783722 291.110565 291.546265 292.121979 292.874664 293.847198 295.088776 296.654877 298.606750 301.010803 303.937439 307.459717 311.651520 316.585480 322.330902 328.951447 336.502747 345.030579 354.569000 365.138977 354.569000 345.030579 336.502747 328.951447 322.330902 316.585480 311.651520 307.459717 303.937439 301.010803 298.606750 296.654877 295.088776 293.847198 292.874664 292.121979 291.546265 291.110565 290.783722 290.539520 290.356140 290.215210 290.101135 290.000000 
290.000000 290.106964 290.227325 290.375275 290.566956 290.820984 291.159637 291.609406 292.201782 292.973785 293.968506 295.235107 296.828827 298.810638 301.246429 304.205994 307.761597 311.986145 316.951355 322.725494 329.371124 336.943054 345.486237 355.034119 365.607269 355.034119 345.486237 336.943054 329.371124 322.725494 316.951355 311.986145 307.761597 304.205994 301.246429 298.810638 296.828827 295.235107 293.968506 292.973785 292.201782 291.609406 291.159637 290.820984 290.566956 290.375275 290.227325 290.106964 290.000000 
290.000000 290.113007 290.239777 290.394989 290.595062 290.859131 291.209747 291.673706 292.282776 293.074219 294.091095 295.382599 297.003815 299.015320 301.482605 304.474731 308.063202 312.320099 317.316101 323.118439 329.788788 337.380981 345.939240 355.496399 366.072693 355.496399 345.939240 337.380981 329.788788 323.118439 317.316101 312.320099 308.063202 304.474731 301.482605 299.015320 297.003815 295.382599 294.091095 293.074219 292.282776 291.673706 291.209747 290.859131 290.595062 290.394989 290.239777 290.113007 290.000000 
290.000000 290.119202 290.252594 290.415222 290.623932 290.898163 291.260864 291.739136 292.364990 293.175873 294.214935 295.531250 297.179779 299.220825 301.719238 304.743622 308.364594 312.653351 317.679657 323.509827 330.204437 337.816559 346.389618 355.955902 366.535309 355.955902 346.389618 337.816559 330.204437 323.509827 317.679657 312.653351 308.364594 304.743622 301.719238 299.220825 297.179779 295.531250 294.214935 293.175873 292.364990 291.739136 291.260864 290.898163 290.623932 290.415222 290.252594 290.119202 290.000000 
290.000000 290.125610 290.265778 290.436005 290.653473 290.938049 291.312988 291.805664 292.448425 293.278748 294.339935 295.681030 297.356750 299.427032 301.956390 305.012604 308.665680 312.985901 318.042114 323.899597 330.618134 338.249817 346.837463 356.412720 366.995117 356.412720 346.837463 338.249817 330.618134 323.899597 318.042114 312.985901 308.665680 305.012604 301.956390 299.427032 297.356750 295.681030 294.339935 293.278748 292.448425 291.805664 291.312988 290.938049 290.653473 290.436005 290.265778 290.125610 290.000000 
290.000000 290.132172 290.279327 290.457306 290.683716 290.978790 291.366089 291.873322 292.532990 293.382843 294.466156 295.831909 297.534637 299.634033 302.193939 305.281708 308.966492 313.317749 318.403381 324.287842 331.029846 338.680847 347.282776 356.866821 367.452209 356.866821 347.282776 338.680847 331.029846 324.287842 318.403381 313.317749 308.966492 305.281708 302.193939 299.634033 297.534637 295.831909 294.466156 293.382843 292.532990 291.873322 291.366089 290.978790 290.683716 290.457306 290.279327 290.132172 290.000000 
290.000000 290.138916 290.293213 290.479156 290.714661 291.020386 291.420166 291.942047 292.618744 293.488098 294.593506 295.983856 297.713501 299.841675 302.431946 305.550903 309.266998 313.648865 318.763550 324.674500 331.439697 339.109619 347.725586 357.318298 367.906616 357.318298 347.725586 339.109619 331.439697 324.674500 318.763550 313.648865 309.266998 305.550903 302.431946 299.841675 297.713501 295.983856 294.593506 293.488098 292.618744 291.942047 291.420166 291.020386 290.714661 290.479156 290.293213 290.138916 290.000000 
290.000000 290.145844 290.307495 290.501495 290.746307 291.062805 291.475220 292.011841 292.705597 293.594543 294.721985 296.136841 297.893188 300.050018 302.670319 305.820129 309.567200 313.979279 319.122589 325.059662 331.847626 339.536163 348.165985 357.767212 368.358368 357.767212 348.165985 339.536163 331.847626 325.059662 319.122589 313.979279 309.567200 305.820129 302.670319 300.050018 297.893188 296.136841 294.721985 293.594543 292.705597 292.011841 291.475220 291.062805 290.746307 290.501495 290.307495 290.145844 290.000000 
290.000000 290.152985 290.322083 290.524414 290.778625 291.106049 291.531219 292.082703 292.793610 293.702087 294.851562 296.290802 298.073761 300.259003 302.909058 306.089417 309.867035 314.308990 319.480499 325.443329 332.253693 339.960571 348.603973 358.213562 368.807556 358.213562 348.603973 339.960571 332.253693 325.443329 319.480499 314.308990 309.867035 306.089417 302.909058 300.259003 298.073761 296.290802 294.851562 293.702087 292.793610 292.082703 291.531219 291.106049 290.778625 290.524414 290.322083 290.152985 290.000000 
290.000000 290.160248 290.337067 290.547821 290.811646 291.150116 291.588165 292.154572 292.882690 293.810760 294.982208 296.445770 298.255157 300.468567 303.148163 306.358704 310.166565 314.637939 319.837280 325.825470 332.657928 340.382843 349.039612 358.657410 369.254211 358.657410 349.039612 340.382843 332.657928 325.825470 319.837280 314.637939 310.166565 306.358704 303.148163 300.468567 298.255157 296.445770 294.982208 293.810760 292.882690 292.154572 291.588165 291.150116 290.811646 290.547821 290.337067 290.160248 290.000000 
290.000000 290.167725 290.352356 290.571747 290.845306 291.195007 291.646027 292.227478 292.972839 293.920502 295.113922 296.601685 298.437317 300.678772 303.387573 306.628021 310.465729 314.966156 320.192963 326.206146 333.060333 340.803009 349.472931 359.098816 369.698334 359.098816 349.472931 340.803009 333.060333 326.206146 320.192963 314.966156 310.465729 306.628021 303.387573 300.678772 298.437317 296.601685 295.113922 293.920502 292.972839 292.227478 291.646027 291.195007 290.845306 290.571747 290.352356 290.167725 290.000000 
290.000000 290.175354 290.368042 290.596161 290.879639 291.240692 291.704834 292.301392 293.064056 294.031311 295.246643 296.758545 298.620300 300.889496 303.627289 306.897308 310.764526 315.293671 320.547516 326.585358 333.460938 341.221100 349.903961 359.537811 370.139984 359.537811 349.903961 341.221100 333.460938 326.585358 320.547516 315.293671 310.764526 306.897308 303.627289 300.889496 298.620300 296.758545 295.246643 294.031311 293.064056 292.301392 291.704834 291.240692 290.879639 290.596161 290.368042 290.175354 290.000000 
290.000000 290.183167 290.384003 290.621124 290.914612 291.287170 291.764526 292.376282 293.156311 294.143158 295.380371 296.916290 298.804016 301.100769 303.867249 307.166565 311.062988 315.620422 320.901001 326.963074 333.859772 341.637146 350.332733 359.974426 370.579254 359.974426 350.332733 341.637146 333.859772 326.963074 320.901001 315.620422 311.062988 307.166565 303.867249 301.100769 298.804016 296.916290 295.380371 294.143158 293.156311 292.376282 291.764526 291.287170 290.914612 290.621124 290.384003 290.183167 290.000000 
290.000000 290.191132 290.400360 290.646545 290.950256 291.334412 291.825134 292.452148 293.249573 294.256042 295.515045 297.074921 298.988434 301.312561 304.107483 307.435791 311.361023 315.946472 321.253357 327.339386 334.256866 342.051147 350.759308 360.408691 371.016113 360.408691 350.759308 342.051147 334.256866 327.339386 321.253357 315.946472 311.361023 307.435791 304.107483 301.312561 298.988434 297.074921 295.515045 294.256042 293.249573 292.452148 291.825134 291.334412 290.950256 290.646545 290.400360 290.191132 290.000000 
290.000000 290.199280 290.417023 290.672485 290.986542 291.382446 291.886597 292.528992 293.343842 294.369904 295.650696 297.234375 299.173584 301.524841 304.347992 307.704926 311.658691 316.271759 321.604675 327.714264 334.652191 342.463196 351.183685 360.840668 371.450653 360.840668 351.183685 342.463196 334.652191 327.714264 321.604675 316.271759 311.658691 307.704926 304.347992 301.524841 299.173584 297.234375 295.650696 294.369904 293.343842 292.528992 291.886597 291.382446 290.986542 290.672485 290.417023 290.199280 290.000000 
290.000000 290.207611 290.434021 290.698914 291.023438 291.431244 291.948944 292.606750 293.439087 294.484772 295.787262 297.394684 299.359375 301.737610 304.588654 307.974030 311.955963 316.596313 321.954865 328.087738 335.045837 342.873260 351.605927 361.270355 371.882874 361.270355 351.605927 342.873260 335.045837 328.087738 321.954865 316.596313 311.955963 307.974030 304.588654 301.737610 299.359375 297.394684 295.787262 294.484772 293.439087 292.606750 291.948944 291.431244 291.023438 290.698914 290.434021 290.207611 290.000000 
290.000000 290.216095 290.451385 290.725800 291.060974 291.480804 292.012115 292.685455 293.535278 294.600555 295.924744 297.555786 299.545837 301.950806 304.829590 308.243011 312.252838 316.920135 322.303986 328.459808 335.437805 343.281433 352.026031 361.697845 372.312805 361.697845 352.026031 343.281433 335.437805 328.459808 322.303986 316.920135 312.252838 308.243011 304.829590 301.950806 299.545837 297.555786 295.924744 294.600555 293.535278 292.685455 292.012115 291.480804 291.060974 290.725800 290.451385 290.216095 290.000000 
290.000000 290.224762 290.469025 290.753204 291.099152 291.531067 292.076141 292.765015 293.632416 294.717285 296.063110 297.717651 299.732910 302.164429 305.070648 308.511932 312.549286 317.243225 322.652069 328.830505 335.828094 343.687653 352.444092 362.123108 372.740540 362.123108 352.444092 343.687653 335.828094 328.830505 322.652069 317.243225 312.549286 308.511932 305.070648 302.164429 299.732910 297.717651 296.063110 294.717285 293.632416 292.765015 292.076141 291.531067 291.099152 290.753204 290.469025 290.224762 290.000000 
290.000000 290.233551 290.487030 290.781067 291.137909 291.582092 292.140991 292.845520 293.730469 294.834961 296.202301 297.880280 299.920593 302.378479 305.311890 308.780701 312.845337 317.565552 322.999054 329.199860 336.216736 344.092041 352.860077 362.546234 373.166046 362.546234 352.860077 344.092041 336.216736 329.199860 322.999054 317.565552 312.845337 308.780701 305.311890 302.378479 299.920593 297.880280 296.202301 294.834961 293.730469 292.845520 292.140991 291.582092 291.137909 290.781067 290.487030 290.233551 290.000000 
290.000000 290.242523 290.505310 290.809387 291.177277 291.633820 292.206665 292.926880 293.829468 294.953461 296.342377 298.043640 300.108856 302.592896 305.553284 309.049347 313.140930 317.887177 323.345032 329.567810 336.603790 344.494568 353.274048 362.967194 373.589417 362.967194 353.274048 344.494568 336.603790 329.567810 323.345032 317.887177 313.140930 309.049347 305.553284 302.592896 300.108856 298.043640 296.342377 294.953461 293.829468 292.926880 292.206665 291.633820 291.177277 290.809387 290.505310 290.242523 290.000000 
