290.000000 290.000000 290.000000 290.000000 290.000000 290.000000 290.000000 290.000000 290.000000 290.000000 290.000000 290.000000 290.000000 290.000000 290.000000 290.000000 290.000000 290.000000 290.000000 290.000000 290.000000 290.000000 290.000000 290.000000 290.000000 290.000000 290.000000 290.000000 290.000000 290.000000 290.000000 290.000000 290.000000 290.000000 290.000000 
290.000000 290.000000 290.000000 290.000000 290.000000 290.000000 290.000000 290.000000 290.000000 290.000000 290.000000 290.000000 290.000000 290.000000 290.000000 290.000000 290.000000 290.000000 290.000000 290.000000 290.000000 290.000000 290.000000 290.000000 290.000000 290.000000 290.000000 290.000000 290.000000 290.000000 290.000000 290.000000 290.000000 290.000000 290.000000 
290.000000 290.000000 290.005432 290.011200 290.018250 290.027100 290.038391 290.052490 290.069763 290.090210 290.113495 290.138855 290.165131 290.190643 290.213409 290.231506 290.243164 290.247192 290.243164 290.231506 290.213409 290.190643 290.165131 290.138855 290.113495 290.090210 290.069763 290.052490 290.038391 290.027100 290.018250 290.011200 290.005432 290.000000 290.000000 
290.000000 290.000000 290.011200 290.023071 290.037598 290.055969 290.079407 290.108856 290.144989 290.187927 290.237061 290.290833 290.346680 290.401093 290.449890 290.488770 290.513885 290.522583 290.513885 290.488770 290.449890 290.401093 290.346680 290.290833 290.237061 290.187927 290.144989 290.108856 290.079407 290.055969 290.037598 290.023071 290.011200 290.000000 290.000000 
290.000000 290.000000 290.018250 290.037598 290.061401 290.091675 290.130432 290.179443 290.239929 290.312195 290.395447 290.487152 290.583008 290.677002 290.761810 290.829681 290.873657 290.888916 290.873657 290.829681 290.761810 290.677002 290.583008 290.487152 290.395447 290.312195 290.239929 290.179443 290.130432 290.091675 290.061401 290.037598 290.018250 290.000000 290.000000 
290.000000 290.000000 290.027100 290.055969 290.091675 290.137329 290.196228 290.271179 290.364410 290.476776 290.607208 290.752167 290.905029 291.056213 291.193695 291.304443 291.376587 291.401642 291.376587 291.304443 291.193695 291.056213 290.905029 290.752167 290.607208 290.476776 290.364410 290.271179 290.196228 290.137329 290.091675 290.055969 290.027100 290.000000 290.000000 
290.000000 290.000000 290.038391 290.079407 290.130432 290.196228 290.281738 290.391541 290.529297 290.696960 290.893646 291.114594 291.350220 291.585815 291.802216 291.978088 292.093414 292.133606 292.093414 291.978088 291.802216 291.585815 291.350220 291.114594 290.893646 290.696960 290.529297 290.391541 290.281738 290.196228 290.130432 290.079407 290.038391 290.000000 290.000000 
290.000000 290.000000 290.052490 290.108856 290.179443 290.271179 290.391541 290.547546 290.745361 290.988861 291.278015 291.607147 291.962921 292.323517 292.659119 292.935028 293.117493 293.181427 293.117493 292.935028 292.659119 292.323517 291.962921 291.607147 291.278015 290.988861 290.745361 290.547546 290.391541 290.271179 290.179443 290.108856 290.052490 290.000000 290.000000 
290.000000 290.000000 290.069763 290.144989 290.239929 290.364410 290.529297 290.745361 291.022552 291.368225 291.784576 292.265839 292.794647 293.339783 293.855560 294.286011 294.574036 294.675659 294.574036 294.286011 293.855560 293.339783 292.794647 292.265839 291.784576 291.368225 291.022552 290.745361 290.529297 290.364410 290.239929 290.144989 290.069763 290.000000 290.000000 
290.000000 290.000000 290.090210 290.187927 290.312195 290.476776 290.696960 290.988861 291.368225 291.848145 292.435760 293.127289 293.902222 294.717834 295.506012 296.176971 296.633331 296.795868 296.633331 296.176971 295.506012 294.717834 293.902222 293.127289 292.435760 291.848145 291.368225 290.988861 290.696960 290.476776 290.312195 290.187927 290.090210 290.000000 290.000000 
290.000000 290.000000 290.113495 290.237061 290.395447 290.607208 290.893646 291.278015 291.784576 292.435760 293.247772 294.223450 295.342651 296.551147 297.750977 298.799896 299.529968 299.793945 299.529968 298.799896 297.750977 296.551147 295.342651 294.223450 293.247772 292.435760 291.784576 291.278015 290.893646 290.607208 290.395447 290.237061 290.113495 290.000000 290.000000 
290.000000 290.000000 290.138855 290.290833 290.487152 290.752167 291.114594 291.607147 292.265839 293.127289 294.223450 295.572144 297.162445 298.934265 300.755341 302.405884 303.594086 304.034485 303.594086 302.405884 300.755341 298.934265 297.162445 295.572144 294.223450 293.127289 292.265839 291.607147 291.114594 290.752167 290.487152 290.290833 290.138855 290.000000 290.000000 
290.000000 290.000000 290.165131 290.346680 290.583008 290.905029 291.350220 291.962921 292.794647 293.902222 295.342651 297.162445 299.377716 301.941345 304.695251 307.317352 309.302917 310.072083 309.302917 307.317352 304.695251 301.941345 299.377716 297.162445 295.342651 293.902222 292.794647 291.962921 291.350220 290.905029 290.583008 290.346680 290.165131 290.000000 290.000000 
290.000000 290.000000 290.190643 290.401093 290.677002 291.056213 291.585815 292.323517 293.339783 294.717834 296.551147 298.934265 301.941345 305.581482 309.715759 313.925537 317.368378 318.818176 317.368378 313.925537 309.715759 305.581482 301.941345 298.934265 296.551147 294.717834 293.339783 292.323517 291.585815 291.056213 290.677002 290.401093 290.190643 290.000000 290.000000 
290.000000 290.000000 290.213409 290.449890 290.761810 291.193695 291.802216 292.659119 293.855560 295.506012 297.750977 300.755341 304.695251 309.715759 315.820801 322.622742 328.873688 331.960968 328.873688 322.622742 315.820801 309.715759 304.695251 300.755341 297.750977 295.506012 293.855560 292.659119 291.802216 291.193695 290.761810 290.449890 290.213409 290.000000 290.000000 
290.000000 290.000000 290.231506 290.488770 290.829681 291.304443 291.978088 292.935028 294.286011 296.176971 298.799896 302.405884 307.317352 313.925537 322.622742 333.504944 345.383118 353.214844 345.383118 333.504944 322.622742 313.925537 307.317352 302.405884 298.799896 296.176971 294.286011 292.935028 291.978088 291.304443 290.829681 290.488770 290.231506 290.000000 290.000000 
290.000000 290.000000 290.243164 290.513885 290.873657 291.376587 292.093414 293.117493 294.574036 296.633331 299.529968 303.594086 309.302917 317.368378 328.873688 345.383118 368.293518 392.717682 368.293518 345.383118 328.873688 317.368378 309.302917 303.594086 299.529968 296.633331 294.574036 293.117493 292.093414 291.376587 290.873657 290.513885 290.243164 290.000000 290.000000 
290.000000 290.000000 290.247192 290.522583 290.888916 291.401642 292.133606 293.181427 294.675659 296.795868 299.793945 304.034485 310.072083 318.818176 331.960968 353.214844 392.717682 484.702972 392.717682 353.214844 331.960968 318.818176 310.072083 304.034485 299.793945 296.795868 294.675659 293.181427 292.133606 291.401642 290.888916 290.522583 290.247192 290.000000 290.000000 
290.000000 290.000000 290.243164 290.513885 290.873657 291.376587 292.093414 293.117493 294.574036 296.633331 299.529968 303.594086 309.302917 317.368378 328.873688 345.383118 368.293518 392.717682 368.293518 345.383118 328.873688 317.368378 309.302917 303.594086 299.529968 296.633331 294.574036 293.117493 292.093414 291.376587 290.873657 290.513885 290.243164 290.000000 290.000000 
290.000000 290.000000 290.231506 290.488770 290.829681 291.304443 291.978088 292.935028 294.286011 296.176971 298.799896 302.405884 307.317352 313.925537 322.622742 333.504944 345.383118 353.214844 345.383118 333.504944 322.622742 313.925537 307.317352 302.405884 298.799896 296.176971 294.286011 292.935028 291.978088 291.304443 290.829681 290.488770 290.231506 290.000000 290.000000 
290.000000 290.000000 290.213409 290.449890 290.761810 291.193695 291.802216 292.659119 293.855560 295.506012 297.750977 300.755341 304.695251 309.715759 315.820801 322.622742 328.873688 331.960968 328.873688 322.622742 315.820801 309.715759 304.695251 300.755341 297.750977 295.506012 293.855560 292.659119 291.802216 291.193695 290.761810 290.449890 290.213409 290.000000 290.000000 
290.000000 290.000000 290.190643 290.401093 290.677002 291.056213 291.585815 292.323517 293.339783 294.717834 296.551147 298.934265 301.941345 305.581482 309.715759 313.925537 317.368378 318.818176 317.368378 313.925537 309.715759 305.581482 301.941345 298.934265 296.551147 294.717834 293.339783 292.323517 291.585815 291.056213 290.677002 290.401093 290.190643 290.000000 290.000000 
290.000000 290.000000 290.165131 290.346680 290.583008 290.905029 291.350220 291.962921 292.794647 293.902222 295.342651 297.162445 299.377716 301.941345 304.695251 307.317352 309.302917 310.072083 309.302917 307.317352 304.695251 301.941345 299.377716 297.162445 295.342651 293.902222 292.794647 291.962921 291.350220 290.905029 290.583008 290.346680 290.165131 290.000000 290.000000 
290.000000 290.000000 290.138855 290.290833 290.487152 290.752167 291.114594 291.607147 292.265839 293.127289 294.223450 295.572144 297.162445 298.934265 300.755341 302.405884 303.594086 304.034485 303.594086 302.405884 300.755341 298.934265 297.162445 295.572144 294.223450 293.127289 292.265839 291.607147 291.114594 290.752167 290.487152 290.290833 290.138855 290.000000 290.000000 
290.000000 290.000000 290.113495 290.237061 290.395447 290.607208 290.893646 291.278015 291.784576 292.435760 293.247772 294.223450 295.342651 296.551147 297.750977 298.799896 299.529968 299.793945 299.529968 298.799896 297.750977 296.551147 295.342651 294.223450 293.247772 292.435760 291.784576 291.278015 290.893646 290.607208 290.395447 290.237061 290.113495 290.000000 290.000000 
290.000000 290.000000 290.090210 290.187927 290.312195 290.476776 290.696960 290.988861 291.368225 291.848145 292.435760 293.127289 293.902222 294.717834 295.506012 296.176971 296.633331 296.795868 296.633331 296.176971 295.506012 294.717834 293.902222 293.127289 292.435760 291.848145 291.368225 290.988861 290.696960 290.476776 290.312195 290.187927 290.090210 290.000000 290.000000 
290.000000 290.000000 290.069763 290.144989 290.239929 290.364410 290.529297 290.745361 291.022552 291.368225 291.784576 292.265839 292.794647 293.339783 293.855560 294.286011 294.574036 294.675659 294.574036 294.286011 293.855560 293.339783 292.794647 292.265839 291.784576 291.368225 291.022552 290.745361 290.529297 290.364410 290.239929 290.144989 290.069763 290.000000 290.000000 
290.000000 290.000000 290.052490 290.108856 290.179443 290.271179 290.391541 290.547546 290.745361 290.988861 291.278015 291.607147 291.962921 292.323517 292.659119 292.935028 293.117493 293.181427 293.117493 292.935028 292.659119 292.323517 291.962921 291.607147 291.278015 290.988861 290.745361 290.547546 290.391541 290.271179 290.179443 290.108856 290.052490 290.000000 290.000000 
290.000000 290.000000 290.038391 290.079407 290.130432 290.196228 290.281738 290.391541 290.529297 290.696960 290.893646 291.114594 291.350220 291.585815 291.802216 291.978088 292.093414 292.133606 292.093414 291.978088 291.802216 291.585815 291.350220 291.114594 290.893646 290.696960 290.529297 290.391541 290.281738 290.196228 290.130432 290.079407 290.038391 290.000000 290.000000 
290.000000 290.000000 290.027100 290.055969 290.091675 290.137329 290.196228 290.271179 290.364410 290.476776 290.607208 290.752167 290.905029 291.056213 291.193695 291.304443 291.376587 291.401642 291.376587 291.304443 291.193695 291.056213 290.905029 290.752167 290.607208 290.476776 290.364410 290.271179 290.196228 290.137329 290.091675 290.055969 290.027100 290.000000 290.000000 
290.000000 290.000000 290.018250 290.037598 290.061401 290.091675 290.130432 290.179443 290.239929 290.312195 290.395447 290.487152 290.583008 290.677002 290.761810 290.829681 290.873657 290.888916 290.873657 290.829681 290.761810 290.677002 290.583008 290.487152 290.395447 290.312195 290.239929 290.179443 290.130432 290.091675 290.061401 290.037598 290.018250 290.000000 290.000000 
290.000000 290.000000 290.011200 290.023071 290.037598 290.055969 290.079407 290.108856 290.144989 290.187927 290.237061 290.290833 290.346680 290.401093 290.449890 290.488770 290.513885 290.522583 290.513885 290.488770 290.449890 290.401093 290.346680 290.290833 290.237061 290.187927 290.144989 290.108856 290.079407 290.055969 290.037598 290.023071 290.011200 290.000000 290.000000 
290.000000 290.000000 290.005432 290.011200 290.018250 290.027100 290.038391 290.052490 290.069763 290.090210 290.113495 290.138855 290.165131 290.190643 290.213409 290.231506 290.243164 290.247192 290.243164 290.231506 290.213409 290.190643 290.165131 290.138855 290.113495 290.090210 290.069763 290.052490 290.038391 290.027100 290.018250 290.011200 290.005432 290.000000 290.000000 
290.000000 290.000000 290.000000 290.000000 290.000000 290.000000 290.000000 290.000000 290.000000 290.000000 290.000000 290.000000 290.000000 290.000000 290.000000 290.000000 290.000000 290.000000 290.000000 290.000000 290.000000 290.000000 290.000000 290.000000 290.000000 290.000000 290.000000 290.000000 290.000000 290.000000 290.000000 290.000000 290.000000 290.000000 290.000000 
290.000000 290.000000 290.000000 290.000000 290.000000 290.000000 290.000000 290.000000 290.000000 290.000000 290.000000 290.000000 290.000000 290.000000 290.000000 290.000000 290.000000 290.000000 290.000000 290.000000 290.000000 290.000000 290.000000 290.000000 290.000000 290.000000 290.000000 290.000000 290.000000 290.000000 290.000000 290.000000 290.000000 290.000000 290.000000 
