290.000000 290.000000 290.000000 290.000000 290.000000 290.000000 290.000000 290.000000 290.000000 290.000000 290.000000 290.000000 290.000000 290.000000 290.000000 290.000000 290.000000 290.000000 290.000000 290.000000 290.000000 290.000000 290.000000 290.000000 290.000000 290.000000 290.000000 290.000000 290.000000 290.000000 290.000000 290.000000 290.000000 290.000000 290.000000 
290.000000 290.166168 290.361389 290.617584 290.972229 291.471649 292.173950 293.153107 294.503418 296.346161 298.839966 302.198425 306.723785 312.876282 321.429871 333.860596 353.426453 388.528473 353.426453 333.860596 321.429871 312.876282 306.723785 302.198425 298.839966 296.346161 294.503418 293.153107 292.173950 291.471649 290.972229 290.617584 290.361389 290.166168 290.000000 
290.000000 290.327332 290.711823 291.215973 291.913452 292.894592 294.272827 296.191376 298.831848 302.425354 307.269287 313.754608 322.413483 334.006866 349.691040 371.334930 402.090942 447.151062 402.090942 371.334930 349.691040 334.006866 322.413483 313.754608 307.269287 302.425354 298.831848 296.191376 294.272827 292.894592 291.913452 291.215973 290.711823 290.327332 290.000000 
290.000000 290.479034 291.041290 291.777924 292.795776 294.225555 296.230347 299.014709 302.835236 308.013733 314.955292 324.175262 336.341675 352.343170 373.393829 401.178467 437.982880 486.549591 437.982880 401.178467 373.393829 352.343170 336.341675 324.175262 314.955292 308.013733 302.835236 299.014709 296.230347 294.225555 292.795776 291.777924 291.041290 290.479034 290.000000 
290.000000 290.617523 291.341888 292.289673 293.597321 295.430847 297.995941 301.548523 306.405579 312.957947 321.685669 333.178345 348.162842 367.540009 392.426941 424.184448 464.368683 514.469971 464.368683 424.184448 392.426941 367.540009 348.162842 333.178345 321.685669 312.957947 306.405579 301.548523 297.995941 295.430847 293.597321 292.289673 291.341888 290.617523 290.000000 
290.000000 290.740356 291.608063 292.741882 294.303497 296.488617 299.538116 303.748688 309.483337 317.181763 327.371246 340.677856 357.838470 379.710846 407.274109 441.601776 483.771637 534.667114 483.771637 441.601776 407.274109 379.710846 357.838470 340.677856 327.371246 317.181763 309.483337 303.748688 299.538116 296.488617 294.303497 292.741882 291.608063 290.740356 290.000000 
290.000000 290.846191 291.837067 293.129974 294.907440 297.389435 300.844513 305.600616 312.053986 320.676971 332.023438 346.731964 365.524750 389.199738 418.609436 454.615295 498.004028 549.356934 498.004028 454.615295 418.609436 389.199738 365.524750 346.731964 332.023438 320.676971 312.053986 305.600616 300.844513 297.389435 294.907440 293.129974 291.837067 290.846191 290.000000 
290.000000 290.934845 292.028564 293.453613 295.409363 298.134674 301.919403 307.114380 314.139038 323.486115 335.722687 351.486603 371.476410 396.433167 427.109467 464.221924 508.382996 560.016357 508.382996 464.221924 427.109467 396.433167 371.476410 351.486603 335.722687 323.486115 314.139038 307.114380 301.919403 298.134674 295.409363 293.453613 292.028564 290.934845 290.000000 
290.000000 291.007080 292.184357 293.716217 295.815063 298.734283 302.779541 308.317963 315.784424 325.683838 338.588409 355.129303 375.981110 401.837891 433.379333 471.226410 515.887024 567.698486 515.887024 471.226379 433.379333 401.837891 375.981110 355.129303 338.588409 325.683838 315.784424 308.317963 302.779541 298.734283 295.815063 293.716217 292.184357 291.007080 290.000000 
290.000000 291.064392 292.307709 293.923553 296.134277 299.203979 303.449707 309.249939 317.049591 327.360291 340.755066 357.856842 379.319427 405.801117 437.930664 476.266846 521.254211 573.180908 521.254150 476.266815 437.930664 405.801117 379.319427 357.856842 340.755066 327.360291 317.049591 309.249939 303.449707 299.203979 296.134277 293.923553 292.307709 291.064392 290.000000 
290.000000 291.108643 292.402832 294.083038 296.378937 299.562408 303.958527 309.953491 317.998444 328.608551 342.355743 359.855011 381.743866 408.654602 441.181366 479.842865 525.044861 577.046753 525.044861 479.842865 441.181366 408.654602 381.743866 359.855011 342.355743 328.608551 317.998444 309.953491 303.958527 299.562408 296.378937 294.083038 292.402832 291.108643 290.000000 
290.000000 291.141937 292.474274 294.202515 296.561584 299.828918 304.335114 310.471405 318.692871 329.516266 343.511719 361.287689 383.469482 410.671295 443.464081 482.341003 527.683899 579.734802 527.683899 482.341003 443.464081 410.671295 383.469482 361.287689 343.511719 329.516266 318.692871 310.471405 304.335114 299.828918 296.561584 294.202515 292.474274 291.141937 290.000000 
290.000000 291.166290 292.526459 294.289551 296.694275 300.021851 304.606598 310.843018 319.188538 330.160492 344.327240 362.292297 384.672119 412.068634 445.037628 484.055969 529.490723 581.573547 529.490723 484.055969 445.037628 412.068634 384.672119 362.292297 344.327240 330.160492 319.188538 310.843018 304.606598 300.021851 296.694275 294.289551 292.526459 291.166290 290.000000 
290.000000 291.183563 292.563416 294.351135 296.787872 300.157440 304.796661 311.102081 319.532501 330.605438 344.887665 362.979034 385.490112 413.014587 446.098480 485.208466 530.702393 582.805725 530.702393 485.208435 446.098480 413.014587 385.490112 362.979034 344.887665 330.605438 319.532501 311.102081 304.796661 300.157440 296.787872 294.351135 292.563416 291.183563 290.000000 
290.000000 291.195343 292.588593 294.392975 296.851318 300.249146 304.924744 311.276093 319.762634 330.901886 345.259491 363.432770 386.028381 413.634705 446.791656 485.959564 531.490906 583.607056 531.490906 485.959564 446.791656 413.634705 386.028381 363.432770 345.259491 330.901886 319.762634 311.276093 304.924744 300.249146 296.851318 294.392975 292.588593 291.195343 290.000000 
290.000000 291.202850 292.604675 294.419617 296.891663 300.307312 305.005829 311.385895 319.907440 331.087830 345.491913 363.715515 386.362701 414.018799 447.219910 486.422760 531.976501 584.100464 531.976501 486.422760 447.219910 414.018799 386.362701 363.715515 345.491913 331.087830 319.907440 311.385895 305.005829 300.307312 296.891663 294.419617 292.604675 291.202850 290.000000 
290.000000 291.207031 292.613556 294.434326 296.913910 300.339294 305.050354 311.446075 319.986603 331.189301 345.618500 363.869110 386.543945 414.226562 447.451233 486.672607 532.238281 584.366272 532.238220 486.672607 447.451233 414.226562 386.543945 363.869110 345.618500 331.189301 319.986603 311.446075 305.050354 300.339294 296.913910 294.434326 292.613556 291.207031 290.000000 
290.000000 291.208344 292.616364 294.439026 296.920990 300.349518 305.064514 311.465210 320.011749 331.221466 345.658569 363.917694 386.601196 414.292145 447.524170 486.751343 532.320679 584.450012 532.320679 486.751343 447.524170 414.292145 386.601196 363.917694 345.658569 331.221466 320.011749 311.465210 305.064514 300.349518 296.920990 294.439026 292.616364 291.208344 290.000000 
290.000000 291.207031 292.613556 294.434326 296.913910 300.339294 305.050354 311.446075 319.986603 331.189301 345.618500 363.869110 386.543945 414.226562 447.451233 486.672607 532.238281 584.366272 532.238220 486.672607 447.451233 414.226562 386.543945 363.869110 345.618500 331.189301 319.986603 311.446075 305.050354 300.339294 296.913910 294.434326 292.613556 291.207031 290.000000 
290.000000 291.202850 292.604675 294.419617 296.891663 300.307312 305.005829 311.385895 319.907440 331.087830 345.491913 363.715515 386.362701 414.018799 447.219910 486.422760 531.976501 584.100464 531.976501 486.422760 447.219910 414.018799 386.362701 363.715515 345.491913 331.087830 319.907440 311.385895 305.005829 300.307312 296.891663 294.419617 292.604675 291.202850 290.000000 
290.000000 291.195343 292.588593 294.392975 296.851318 300.249146 304.924744 311.276093 319.762634 330.901886 345.259491 363.432770 386.028381 413.634705 446.791656 485.959564 531.490906 583.607056 531.490906 485.959564 446.791656 413.634705 386.028381 363.432770 345.259491 330.901886 319.762634 311.276093 304.924744 300.249146 296.851318 294.392975 292.588593 291.195343 290.000000 
290.000000 291.183563 292.563416 294.351135 296.787872 300.157440 304.796661 311.102081 319.532501 330.605438 344.887665 362.979034 385.490112 413.014587 446.098480 485.208466 530.702393 582.805725 530.702393 485.208435 446.098480 413.014587 385.490112 362.979034 344.887665 330.605438 319.532501 311.102081 304.796661 300.157440 296.787872 294.351135 292.563416 291.183563 290.000000 
290.000000 291.166290 292.526459 294.289551 296.694275 300.021851 304.606598 310.843018 319.188538 330.160492 344.327240 362.292297 384.672119 412.068634 445.037628 484.055969 529.490723 581.573547 529.490723 484.055969 445.037628 412.068634 384.672119 362.292297 344.327240 330.160492 319.188538 310.843018 304.606598 300.021851 296.694275 294.289551 292.526459 291.166290 290.000000 
290.000000 291.141937 292.474274 294.202515 296.561584 299.828918 304.335114 310.471405 318.692871 329.516266 343.511719 361.287689 383.469482 410.671295 443.464081 482.341003 527.683899 579.734802 527.683899 482.341003 443.464081 410.671295 383.469482 361.287689 343.511719 329.516266 318.692871 310.471405 304.335114 299.828918 296.561584 294.202515 292.474274 291.141937 290.000000 
290.000000 291.108643 292.402832 294.083038 296.378937 299.562408 303.958527 309.953491 317.998444 328.608551 342.355743 359.855011 381.743866 408.654602 441.181366 479.842865 525.044861 577.046753 525.044861 479.842865 441.181366 408.654602 381.743866 359.855011 342.355743 328.608551 317.998444 309.953491 303.958527 299.562408 296.378937 294.083038 292.402832 291.108643 290.000000 
290.000000 291.064392 292.307709 293.923553 296.134277 299.203979 303.449707 309.249939 317.049591 327.360291 340.755066 357.856842 379.319427 405.801117 437.930664 476.266846 521.254211 573.180908 521.254150 476.266815 437.930664 405.801117 379.319427 357.856842 340.755066 327.360291 317.049591 309.249939 303.449707 299.203979 296.134277 293.923553 292.307709 291.064392 290.000000 
290.000000 291.007080 292.184357 293.716217 295.815063 298.734283 302.779541 308.317963 315.784424 325.683838 338.588409 355.129303 375.981110 401.837891 433.379333 471.226410 515.887024 567.698486 515.887024 471.226379 433.379333 401.837891 375.981110 355.129303 338.588409 325.683838 315.784424 308.317963 302.779541 298.734283 295.815063 293.716217 292.184357 291.007080 290.000000 
290.000000 290.934845 292.028564 293.453613 295.409363 298.134674 301.919403 307.114380 314.139038 323.486115 335.722687 351.486603 371.476410 396.433167 427.109467 464.221924 508.382996 560.016357 508.382965 464.221893 427.109467 396.433167 371.476410 351.486603 335.722687 323.486115 314.139038 307.114380 301.919403 298.134674 295.409363 293.453613 292.028564 290.934845 290.000000 
290.000000 290.846191 291.837067 293.129974 294.907440 297.389435 300.844513 305.600616 312.053986 320.676971 332.023438 346.731964 365.524750 389.199738 418.609436 454.615295 498.004028 549.356934 498.004028 454.615295 418.609436 389.199738 365.524750 346.731964 332.023438 320.676971 312.053986 305.600616 300.844513 297.389435 294.907440 293.129974 291.837067 290.846191 290.000000 
290.000000 290.740356 291.608063 292.741882 294.303497 296.488617 299.538116 303.748688 309.483337 317.181763 327.371246 340.677856 357.838470 379.710846 407.274109 441.601776 483.771637 534.667114 483.771637 441.601776 407.274109 379.710846 357.838470 340.677856 327.371246 317.181763 309.483337 303.748688 299.538116 296.488617 294.303497 292.741882 291.608063 290.740356 290.000000 
290.000000 290.617523 291.341888 292.289673 293.597321 295.430847 297.995941 301.548523 306.405579 312.957947 321.685669 333.178345 348.162842 367.540009 392.426941 424.184448 464.368683 514.469971 464.368683 424.184448 392.426941 367.540009 348.162842 333.178345 321.685669 312.957947 306.405579 301.548523 297.995941 295.430847 293.597321 292.289673 291.341888 290.617523 290.000000 
290.000000 290.479034 291.041290 291.777924 292.795776 294.225555 296.230347 299.014709 302.835236 308.013733 314.955292 324.175262 336.341675 352.343170 373.393829 401.178467 437.982880 486.549591 437.982880 401.178467 373.393829 352.343170 336.341675 324.175262 314.955292 308.013733 302.835236 299.014709 296.230347 294.225555 292.795776 291.777924 291.041290 290.479034 290.000000 
290.000000 290.327332 290.711823 291.215973 291.913452 292.894592 294.272827 296.191376 298.831848 302.425354 307.269287 313.754608 322.413483 334.006866 349.691040 371.334930 402.090942 447.151031 402.090942 371.334930 349.691040 334.006866 322.413483 313.754608 307.269287 302.425354 298.831848 296.191376 294.272827 292.894592 291.913452 291.215973 290.711823 290.327332 290.000000 
290.000000 290.166168 290.361389 290.617584 290.972229 291.471649 292.173950 293.153107 294.503418 296.346161 298.839966 302.198425 306.723785 312.876282 321.429871 333.860596 353.426453 388.528473 353.426453 333.860596 321.429871 312.876282 306.723785 302.198425 298.839966 296.346161 294.503418 293.153107 292.173950 291.471649 290.972229 290.617584 290.361389 290.166168 290.000000 
290.000000 290.000000 290.000000 290.000000 290.000000 290.000000 290.000000 290.000000 290.000000 290.000000 290.000000 290.000000 290.000000 290.000000 290.000000 290.000000 290.000000 290.000000 290.000000 290.000000 290.000000 290.000000 290.000000 290.000000 290.000000 290.000000 290.000000 290.000000 290.000000 290.000000 290.000000 290.000000 290.000000 290.000000 290.000000 
